data = load("../rawData/080-shunt-I-7");

alle punten:
params =

   2.1111e-07   5.6846e-03  -2.2222e-06   3.5414e-05

   chisq =  2.9088e+00

niet eerste honderd:
params =

   2.1111e-07   5.6846e-03  -2.2222e-06   3.5414e-05

   chisq =  4.4394e-01



vanaf 400 ptn
isq =  0.35752
octave:15> params 
params =

   2.1111e-07   5.6846e-03  -2.2222e-06   3.5414e-05


params =

   2.0513e-07   5.5000e-03  -1.6667e-06   3.5000e-05

chisq =  4.2861e-01
err =

   2.0000e-07   2.0513e-07   2.1538e-07   3.7500e-02
   4.8400e-03   5.5000e-03   6.3800e-03   1.4000e-01
  -5.8333e-07  -1.6667e-06  -1.6700e-06   3.2600e-01
   2.9925e-05   3.5000e-05   3.8325e-05   1.2000e-01

